Open,Close,High,Low,Volume,Date
149.38,149.15,149.93,147.99,982,881.00,05/24/23
149.92,149.7,151.83,149.41,1,143,280.00,05/23/23
151.62,151.08,152.07,150.57,999,034.00,05/22/23
152.46,151.55,152.53,150.79,952,884.00,05/19/23
150.82,152.83,152.885,150.8,1,121,266.00,05/18/23
148.35,150.49,150.65,148.33,1,388,566.00,05/17/23
147.01,147.42,148.73,146.8,836,214.00,05/16/23
148,148.02,148.32,146.74,1,009,093.00,05/15/23
149.6,147.83,149.99,146.95,1,324,050.00,05/12/23
148.49,149.09,149.26,147.96,1,001,097.00,05/11/23
149.01,148.4,149.77,146.73,1,176,015.00,05/10/23
146.88,147.65,147.76,146.65,769,138.00,05/09/23
147.64,147.69,147.75,146.73,859,144.00,05/08/23
145.63,147.19,147.47,145.37,922,255.00,05/05/23
145.41,144.27,146.04,144.04,1,338,822.00,05/04/23
145.94,145.39,147.89,145.28,1,169,692.00,05/03/23
146.18,146.55,146.85,144.77,1,413,519.00,05/02/23
147.5,146.4,147.8,146.19,902,172.00,05/01/23
146.79,147.86,148.05,145.43,1,187,935.00,04/28/23
144.7,147.48,147.65,144.6,1,214,749.00,04/27/23
145.16,143.69,145.63,143.4,1,004,469.00,04/26/23
146.38,144.43,146.63,144.41,1,385,053.00,04/25/23